
--------------------- Model errors and report:-------------------------

Feature Scores: 

t : 0.029799809623336806
n : -0.08789891476434358
md : -0.003095101451926054
rs : 0.0795830941869822
am : -0.05130588642316043
mr : 0.02869819692304657
mtd : 0.03694225468529208
h : 0.014703331353131968
b : 0.04627888508942377
s : -0.021058976603237
bc : -0.004869381144787734
bpm : -0.0092899526654253
pp : -0.0025229504175251936
hm : L-Irrelevant
arm : 0.005631626338500634
hdm : 0.08762852224112365
lm : -0.040487286987775165
fm : P-Irrelevant
AIc : -0.15825420083482014
AIp : 0.1016533739924242
AIs : P-Irrelevant
mEl : P-Irrelevant
mFol : L-Irrelevant
mInd : -0.04085392183578505
mPop : P-Irrelevant
mRap : -0.21832939270038915
mRock : P-Irrelevant
