
--------------------- Model errors and report:-------------------------

Feature Scores: 

t : 0.003110063363086968
n : -0.08961785802467594
md : 0.14247809083334653
rs : -0.009436400371257347
am : 0.03509019636364995
mr : -0.07795591439280908
mtd : L-Irrelevant
h : -0.03759314127219982
b : 0.0676284783407136
s : -0.06792224687476812
bc : L-Irrelevant
bpm : 0.007167280972946689
pp : -0.1323282283738253
hm : 0.09440730327732551
arm : 0.008445121381315548
hdm : -0.02900612642155172
lm : 0.1569696647945229
fm : -0.005510789293719285
AIc : 0.16215010406416455
AIp : L-Irrelevant
AIs : L-Irrelevant
mEl : P-Irrelevant
mFol : 0.05399445336181355
mInd : 0.038780079366682235
mPop : 0.036451943388195095
mRap : P-Irrelevant
mRock : -0.10026247286403994
