
--------------------- Model errors and report:-------------------------

Feature Scores: 

t : 0.002288350158281985
n : -0.09145932970889917
md : 0.1413724504660065
rs : P-Irrelevant
am : 0.035368811128958545
mr : -0.07845311469416491
mtd : L-Irrelevant
h : -0.041070962028363675
b : 0.06437671821738745
s : -0.07072737739598656
bc : L-Irrelevant
bpm : 0.009026576614491353
pp : -0.13220948519248465
hm : 0.0947868052660969
arm : 0.009639209510663669
hdm : -0.02944445935084675
lm : 0.15584549140539275
fm : -0.007446866535738227
AIc : 0.16695310655231793
AIp : L-Irrelevant
AIs : L-Irrelevant
mEl : P-Irrelevant
mFol : 0.04300444280707005
mInd : P-Irrelevant
mPop : 0.031208165395202707
mRap : P-Irrelevant
mRock : -0.10904903361739626
