
--------------------- Model errors and report:-------------------------

Feature Scores: 

t : -0.007072136730488085
n : L-Irrelevant
md : 0.04829946217659616
rs : 0.02448341353951069
am : 0.036427327035537485
mr : L-Irrelevant
mtd : L-Irrelevant
h : 0.021057195633899132
b : 0.032755301072029126
s : -0.04383616093401611
bc : 0.011993395539218441
bpm : -0.05407974039730589
pp : -0.06734779047399495
hm : 0.10162853579416135
arm : 0.048054248532914394
hdm : -0.06978933070359145
lm : 0.011951758878807837
fm : 0.09332800990415764
AIc : 0.016419540127164303
AIp : -0.3283709740292593
AIs : L-Irrelevant
mEl : P-Irrelevant
mFol : 0.28000617679314965
mInd : 0.021396491675785275
mPop : 0.025416349950065423
mRap : -0.02036539648238463
mRock : -0.10658854634506214
