
--------------------- Model errors and report:-------------------------

Feature Scores: 

t : 0.03253037811219475
n : -0.07972900136610181
md : -0.01458583215219071
rs : 0.0938494124523108
am : -0.05104343634745407
mr : 0.021332961021462257
mtd : 0.02813677130175161
h : 0.019481715766349807
b : 0.0336030074333867
s : -0.02506672146729334
bc : L-Irrelevant
bpm : -0.012955128353648534
pp : P-Irrelevant
hm : L-Irrelevant
arm : 0.020259060584632786
hdm : 0.08716502029094869
lm : -0.037696027797073914
fm : P-Irrelevant
AIc : -0.16444036687045044
AIp : 0.07499272846818524
AIs : P-Irrelevant
mEl : -0.028137783517623565
mFol : P-Irrelevant
mInd : -0.012192303511789043
mPop : P-Irrelevant
mRap : P-Irrelevant
mRock : P-Irrelevant
