
--------------------- Model errors and report:-------------------------

Feature Scores: 

t : 0.028505907032175527
n : 0.019508501072682427
md : L-Irrelevant
rs : 0.017727315463514907
am : 0.08156634555177819
mr : -0.04818309734756844
mtd : 0.008519286803682479
h : -0.07349309498052908
b : -5.370722030900619e-05
s : -0.024434624214010034
bc : 0.09722291483397773
bpm : -0.051150917544619035
pp : -0.14388924662644076
hm : 0.017064527648718422
arm : -0.02046397899260123
hdm : -0.09506149558934417
lm : -0.012908293729974726
fm : -0.00035427241410355037
AIc : 0.03498735887010145
AIp : -0.13058293189648856
AIs : L-Irrelevant
mEl : -0.14995163139894707
mFol : 0.12459006522794785
mInd : 0.15304544631935235
mPop : 0.06830723716715516
mRap : -0.10701804642627459
mRock : -0.1576088013352175
