
--------------------- Model errors and report:-------------------------

Feature Scores: 

t : -0.007078669306728275
n : L-Irrelevant
md : 0.048291658177065336
rs : 0.02448290566451549
am : 0.036426744293273895
mr : L-Irrelevant
mtd : L-Irrelevant
h : 0.021052360000058112
b : 0.03274775796432764
s : -0.04386073240362013
bc : 0.011992572325070536
bpm : -0.05407992500350627
pp : -0.06734697497017746
hm : 0.10164294821354553
arm : 0.048069172042014406
hdm : -0.06979379465757483
lm : 0.011956127570321296
fm : 0.09333770817689016
AIc : 0.016428754249298745
AIp : -0.3283918041198528
AIs : L-Irrelevant
mEl : -0.007731053034024354
mFol : 0.27230693437237313
mInd : 0.01367890089445804
mPop : 0.017717671564514807
mRap : -0.028028924368555218
mRock : -0.11428019181331048
